0,0.023675
1,0.018879
2,0.017508
3,0.017644
4,0.017312
5,0.018335
6,0.016948
7,0.016155
8,0.016160
9,0.017356
10,0.023180
11,0.016273
12,0.017430
13,0.016354
14,0.019024
15,0.019324
16,0.020622
17,0.017304
18,0.016780
19,0.016628
20,0.017277
21,0.016761
22,0.024805
23,0.016980
24,0.017989
25,0.017147
26,0.017663
27,0.016902
28,0.017579
29,0.029213
30,0.017018
31,0.017529
32,0.017213
33,0.016734
34,0.016723
35,0.016798
36,0.017087
37,0.017179
38,0.017313
39,0.019297
40,0.017935
41,0.017936
42,0.018691
43,0.018356
44,0.019203
45,0.018736
46,0.017279
47,0.017976
48,0.017114
49,0.019663
50,0.021453
51,0.019911
52,0.017627
53,0.017574
54,0.017343
55,0.016934
56,0.018951
57,0.016602
58,0.017071
59,0.018061
60,0.017339
61,0.016973
62,0.016411
63,0.016912
64,0.016797
65,0.017054
66,0.016545
67,0.016628
68,0.016869
69,0.018644
70,0.017755
71,0.016874
72,0.016398
73,0.016887
74,0.018563
75,0.019495
76,0.016514
77,0.017199
78,0.018552
79,0.018007
80,0.016611
81,0.016466
82,0.017938
83,0.016938
84,0.017845
85,0.017138
86,0.017600
87,0.016640
88,0.017805
89,0.016843
90,0.017606
91,0.016522
92,0.016319
93,0.017674
94,0.018503
95,0.018168
96,0.017305
97,0.017549
98,0.018230
99,0.016987
100,0.017588
101,0.017463
102,0.017071
103,0.018520
104,0.017162
105,0.018315
106,0.017191
107,0.020313
108,0.021476
109,0.017315
110,0.016816
111,0.017118
112,0.016736
113,0.016451
114,0.017310
115,0.019717
116,0.016619
117,0.017474
118,0.019151
119,0.017122
120,0.018710
121,0.017809
122,0.018088
123,0.017315
124,0.017156
125,0.018423
126,0.020011
127,0.019023
128,0.019736
129,0.017414
130,0.017901
131,0.017208
132,0.017508
133,0.018623
134,0.020472
135,0.016758
136,0.018306
137,0.016590
138,0.016214
139,0.016863
140,0.017416
141,0.016941
142,0.016485
143,0.016527
144,0.017543
145,0.018005
146,0.016617
147,0.016531
148,0.017441
149,0.016703
150,0.017384
151,0.016605
152,0.020479
153,0.016778
154,0.022867
155,0.016573
156,0.020417
157,0.017519
158,0.017084
159,0.017302
160,0.017704
161,0.020391
162,0.017526
163,0.017243
164,0.018127
165,0.018615
166,0.017509
167,0.020289
168,0.017631
169,0.018213
170,0.017734
171,0.017293
172,0.017471
173,0.019227
174,0.017122
175,0.016999
176,0.017417
177,0.017340
178,0.019983
179,0.020084
180,0.017283
181,0.018417
182,0.016794
183,0.017087
184,0.017458
185,0.017865
186,0.017072
187,0.016923
188,0.016963
189,0.019012
190,0.017025
191,0.016863
192,0.016867
193,0.018006
194,0.018392
195,0.017424
196,0.017601
197,0.017931
198,0.018039
199,0.020398
200,0.018561
201,0.018344
202,0.018039
203,0.018146
204,0.018003
205,0.019611
206,0.017539
207,0.018952
208,0.018229
209,0.017614
210,0.016775
211,0.018239
212,0.017160
213,0.018247
214,0.017692
215,0.018254
216,0.016810
217,0.016741
218,0.016830
219,0.016832
220,0.018591
221,0.016791
222,0.016726
223,0.019914
224,0.016949
225,0.016744
226,0.016495
227,0.016772
228,0.017724
229,0.016742
230,0.018210
231,0.016474
232,0.022854
233,0.016319
234,0.016543
235,0.017873
236,0.019661
237,0.016724
238,0.016593
239,0.017251
240,0.017689
241,0.016440
242,0.016223
243,0.016646
244,0.017810
245,0.016322
246,0.016669
247,0.017935
248,0.016547
249,0.016417
250,0.016640
251,0.016662
252,0.016489
253,0.016364
254,0.016379
255,0.017232
256,0.018229
257,0.020790
258,0.016700
259,0.016774
260,0.017297
261,0.016511
262,0.016487
263,0.016857
264,0.017815
265,0.016460
266,0.016503
267,0.016545
268,0.017562
269,0.019451
270,0.016190
271,0.016350
272,0.017420
273,0.017170
274,0.017992
275,0.020450
276,0.017858
277,0.016416
278,0.016418
279,0.016475
280,0.016746
281,0.016748
282,0.019215
283,0.017387
284,0.016436
285,0.016247
286,0.016838
287,0.017778
288,0.016503
289,0.017235
290,0.017354
291,0.017484
292,0.017134
293,0.016757
294,0.017147
295,0.016647
296,0.019067
297,0.017547
298,0.016953
299,0.016864
300,0.017105
301,0.017474
302,0.016973
303,0.016711
304,0.017151
305,0.017644
306,0.017656
307,0.016806
308,0.016813
309,0.019778
310,0.018663
311,0.017162
312,0.018539
313,0.017352
314,0.018730
315,0.016703
316,0.017339
317,0.017939
318,0.018010
319,0.017277
320,0.016972
321,0.017540
322,0.018186
323,0.017023
324,0.016089
325,0.016467
326,0.017085
327,0.017002
328,0.017255
329,0.020253
330,0.016249
331,0.016830
332,0.017261
333,0.016817
334,0.016570
335,0.018835
336,0.020144
337,0.019589
338,0.017592
339,0.017108
340,0.017036
341,0.020294
342,0.017356
343,0.017083
344,0.017294
345,0.018654
346,0.017224
347,0.020099
348,0.019198
349,0.019037
350,0.017033
351,0.017287
352,0.017013
353,0.018209
354,0.020437
355,0.016665
356,0.017362
357,0.017545
358,0.017922
359,0.016651
360,0.019136
361,0.018405
362,0.017493
363,0.017160
364,0.016474
365,0.017850
366,0.017622
367,0.021399
368,0.017177
369,0.021805
370,0.023933
371,0.017273
372,0.018718
373,0.018394
374,0.016595
375,0.016637
376,0.016453
377,0.017804
378,0.019226
379,0.016587
380,0.022090
381,0.019357
382,0.017418
383,0.017170
384,0.019835
385,0.019154
386,0.018051
387,0.016486
388,0.017122
389,0.017356
390,0.016958
391,0.016888
392,0.016778
393,0.016975
394,0.017118
395,0.019500
396,0.016656
397,0.016952
398,0.016883
399,0.017020
400,0.016729
401,0.016569
402,0.016842
403,0.017020
404,0.017148
405,0.016854
406,0.016490
407,0.016642
408,0.016900
409,0.019216
410,0.016657
411,0.016467
412,0.016738
413,0.016723
414,0.017035
415,0.016399
416,0.016679
417,0.017081
418,0.016943
419,0.018153
420,0.016446
421,0.016554
422,0.016725
423,0.017828
424,0.017268
425,0.016564
426,0.016964
427,0.017514
428,0.020707
429,0.018531
430,0.018459
431,0.018334
432,0.018714
433,0.018550
434,0.018511
435,0.018555
436,0.018732
437,0.020454
438,0.018578
439,0.018821
440,0.018631
441,0.016825
442,0.016635
443,0.016638
444,0.016782
445,0.018217
446,0.016857
447,0.016556
448,0.016725
449,0.016703
450,0.016940
451,0.017751
452,0.016735
453,0.016615
454,0.016946
455,0.016843
456,0.017459
457,0.016710
458,0.016603
459,0.016564
460,0.016895
461,0.017949
462,0.016733
463,0.016702
464,0.016557
465,0.016707
466,0.017053
467,0.018326
468,0.016482
469,0.017415
470,0.016631
471,0.016760
472,0.018593
473,0.016623
474,0.016626
475,0.016830
476,0.017071
477,0.017224
478,0.016706
479,0.017609
480,0.017392
481,0.017548
482,0.019130
483,0.016536
484,0.016588
485,0.016941
486,0.017123
487,0.017214
488,0.018265
489,0.016789
490,0.018384
491,0.017869
492,0.017154
493,0.018178
494,0.018368
495,0.017712
496,0.016899
497,0.018531
498,0.016941
499,0.016849
500,0.018341
501,0.021950
502,0.017704
503,0.018354
504,0.016925
505,0.017772
506,0.018536
507,0.019064
508,0.017154
509,0.016878
510,0.018266
511,0.017839
512,0.017576
513,0.016892
514,0.018533
515,0.019956
516,0.017575
517,0.016758
518,0.017799
519,0.017577
520,0.017747
521,0.019901
522,0.018542
523,0.017207
524,0.017573
525,0.017839
526,0.018539
527,0.018799
528,0.018723
529,0.017686
530,0.017784
531,0.018112
532,0.017546
533,0.017779
534,0.019178
535,0.016747
536,0.017578
537,0.017929
538,0.019361
539,0.017803
540,0.018904
541,0.017590
542,0.019102
543,0.019964
544,0.019617
545,0.016978
546,0.017349
547,0.019185
548,0.018308
549,0.016857
550,0.016797
551,0.017124
552,0.018696
553,0.019027
554,0.016913
555,0.018845
556,0.018158
557,0.017355
558,0.016849
559,0.017089
560,0.018101
561,0.017656
562,0.017438
563,0.017210
564,0.016815
565,0.017486
566,0.018387
567,0.018202
568,0.016920
569,0.016899
570,0.018397
571,0.016410
572,0.016790
573,0.017552
574,0.018862
575,0.022217
576,0.017755
577,0.017236
578,0.017960
579,0.018561
580,0.017822
581,0.018621
582,0.017341
583,0.018185
584,0.022095
585,0.018306
586,0.018852
587,0.018821
588,0.017827
589,0.018152
590,0.020608
591,0.017497
592,0.017512
593,0.018534
594,0.020382
595,0.018023
596,0.017373
597,0.018284
598,0.018985
599,0.017884
600,0.017158
601,0.016853
602,0.016708
603,0.017553
604,0.017681
605,0.018311
606,0.016906
607,0.017323
608,0.021045
609,0.018394
610,0.017426
611,0.017440
612,0.022532
613,0.026140
614,0.020803
615,0.034775
616,0.017346
617,0.018370
618,0.018248
619,0.018744
620,0.024087
621,0.018256
622,0.017266
623,0.016892
624,0.018503
625,0.017543
626,0.016645
627,0.017072
628,0.024430
629,0.017876
630,0.019601
631,0.018696
632,0.017752
633,0.017454
634,0.017431
635,0.018248
636,0.018139
637,0.018607
638,0.017865
639,0.017750
640,0.018043
641,0.017874
642,0.018058
643,0.017018
644,0.017826
645,0.018079
646,0.017441
647,0.017594
648,0.017595
649,0.018335
650,0.017783
651,0.017277
652,0.017708
653,0.017105
654,0.018729
655,0.018686
656,0.016898
657,0.017539
658,0.017227
659,0.016826
660,0.023700
661,0.017196
662,0.019057
663,0.018845
664,0.017800
665,0.017249
666,0.018566
667,0.025712
668,0.019105
669,0.017109
670,0.017784
671,0.018121
672,0.017255
673,0.017136
674,0.018027
675,0.023738
676,0.017874
677,0.017742
678,0.017071
679,0.017284
680,0.018134
681,0.016732
682,0.016786
683,0.017275
684,0.017423
685,0.017482
686,0.016659
687,0.017661
688,0.017161
689,0.017203
690,0.017425
691,0.018820
692,0.016755
693,0.017105
694,0.017993
695,0.017842
696,0.016116
697,0.016240
698,0.017598
699,0.016933
700,0.024875
701,0.015970
702,0.017832
703,0.016438
704,0.016512
705,0.016217
706,0.016290
707,0.016699
708,0.017424
709,0.016527
710,0.017246
711,0.017671
712,0.016471
713,0.021544
714,0.017018
715,0.016848
716,0.016683
717,0.016501
718,0.017124
719,0.016876
720,0.017643
721,0.016472
722,0.016516
723,0.016842
724,0.017069
725,0.017500
726,0.016527
727,0.016571
# frames=728, avg=0.017803, min=0.015970, max=0.034775
